image: false.pgm
resolution: 0.500000
origin: [-132.000000, -100.000000, 0.000000]
negate: 0
occupied_thresh: 0.65
free_thresh: 0.196

